north              east               south              west
1,1,1,1,1,1,1      0,0,0,0,0,0,1      0,0,0,0,0,0,0      1,0,0,0,0,0,0
0,1,1,1,1,1,0      0,0,0,0,0,1,1      0,0,0,0,0,0,0      1,1,0,0,0,0,0
0,0,1,1,1,0,0      0,0,0,0,1,1,1      0,0,0,0,0,0,0      1,1,1,0,0,0,0    cardinal direction
0,0,0,1,0,0,0      0,0,0,1,1,1,1      0,0,0,1,0,0,0      1,1,1,1,0,0,0
0,0,0,0,0,0,0      0,0,0,0,1,1,1      0,0,1,1,1,0,0      1,1,1,0,0,0,0    from center is a 1
0,0,0,0,0,0,0      0,0,0,0,0,1,1      0,1,1,1,1,1,0      1,1,0,0,0,0,0
0,0,0,0,0,0,0      0,0,0,0,0,0,1      1,1,1,1,1,1,1      1,0,0,0,0,0,0

negative east      negative south     negative west      negative north
1,1,1,1,1,1,0      1,1,1,1,1,1,1      0,1,1,1,1,1,1      0,0,0,0,0,0,0
1,1,1,1,1,0,0      1,1,1,1,1,1,1      0,0,1,1,1,1,1      1,0,0,0,0,0,1    inversion of
1,1,1,1,0,0,0      1,1,1,1,1,1,1      0,0,0,1,1,1,1      1,1,0,0,0,1,1
1,1,1,0,0,0,0      1,1,1,0,1,1,1      0,0,0,0,1,1,1      1,1,1,0,1,1,1    the graph above and
1,1,1,1,0,0,0      1,1,0,0,0,1,1      0,0,0,1,1,1,1      1,1,1,1,1,1,1
1,1,1,1,1,0,0      1,0,0,0,0,0,1      0,0,1,1,1,1,1      1,1,1,1,1,1,1    to the right
1,1,1,1,1,1,0      0,0,0,0,0,0,0      0,1,1,1,1,1,1      1,1,1,1,1,1,1

north filter       east filter        south filter       west filter
1,1,1,1,1,1,0      0,0,0,0,0,0,1      0,0,0,0,0,0,0      0,0,0,0,0,0,0
0,1,1,1,1,0,0      0,0,0,0,0,1,1      0,0,0,0,0,0,0      1,0,0,0,0,0,0
0,0,1,1,0,0,0      0,0,0,0,1,1,1      0,0,0,0,0,0,0      1,1,0,0,0,0,0    above two graphs
0,0,0,0,0,0,0      0,0,0,0,1,1,1      0,0,0,0,0,0,0      1,1,1,0,0,0,0
0,0,0,0,0,0,0      0,0,0,0,0,1,1      0,0,0,1,1,0,0      1,1,1,0,0,0,0    multiplied together
0,0,0,0,0,0,0      0,0,0,0,0,0,1      0,0,1,1,1,1,0      1,1,0,0,0,0,0
0,0,0,0,0,0,0      0,0,0,0,0,0,0      0,1,1,1,1,1,1      1,0,0,0,0,0,0
─────────────────────────────────────────────────────────────────────────────────────────────
 northeast slope         southeast slope         southwest slope         northwest slope
 0, 1, 2, 3, 4, 5, 6    -6,-5,-4,-3,-2,-1, 0     0,-1,-2,-3,-4,-5,-6     6, 5, 4, 3, 2, 1, 0
-1, 0, 1, 2, 3, 4, 5    -5,-4,-3,-2,-1, 0, 1     1, 0,-1,-2,-3,-4,-5     5, 4, 3, 2, 1, 0,-1
-2,-1, 0, 1, 2, 3, 4    -4,-3,-2,-1, 0, 1, 2     2, 1, 0,-1,-2,-3,-4     4, 3, 2, 1, 0,-1,-2
-3,-2,-1, 0, 1, 2, 3    -3,-2,-1, 0, 1, 2, 3     3, 2, 1, 0,-1,-2,-3     3, 2, 1, 0,-1,-2,-3
-4,-3,-2,-1, 0, 1, 2    -2,-1, 0, 1, 2, 3, 4     4, 3, 2, 1, 0,-1,-2     2, 1, 0,-1,-2,-3,-4
-5,-4,-3,-2,-1, 0, 1    -1, 0, 1, 2, 3, 4, 5     5, 4, 3, 2, 1, 0,-1     1, 0,-1,-2,-3,-4,-5
-6,-5,-4,-3,-2,-1, 0     0, 1, 2, 3, 4, 5, 6     6, 5, 4, 3, 2, 1, 0     0,-1,-2,-3,-4,-5,-6
─────────────────────────────────────────────────────────────────────────────────────────────
northeast slope     southeast slope     southwest slope     northwest slope
* north filter      * east filter       * south filter      * west filter       propeller
0,1,2,3,4,5,0       0,0,0,0,0,0,0       0,0,0,0,0,0,0       0,0,0,0,0,0,0       0,1,2,3,4,5,0
0,0,1,2,3,0,0       0,0,0,0,0,0,1       0,0,0,0,0,0,0       5,0,0,0,0,0,0       5,0,1,2,3,0,1
0,0,0,1,0,0,0       0,0,0,0,0,1,2       0,0,0,0,0,0,0       4,3,0,0,0,0,0       4,3,0,1,0,1,2
0,0,0,0,0,0,0   +   0,0,0,0,1,2,3   +   0,0,0,0,0,0,0   +   3,2,1,0,0,0,0   =   3,2,1,0,1,2,3
0,0,0,0,0,0,0       0,0,0,0,0,3,4       0,0,0,1,0,0,0       2,1,0,0,0,0,0       2,1,0,1,0,3,4
0,0,0,0,0,0,0       0,0,0,0,0,0,5       0,0,3,2,1,0,0       1,0,0,0,0,0,0       1,0,3,2,1,0,5
0,0,0,0,0,0,0       0,0,0,0,0,0,0       0,5,4,3,2,1,0       0,0,0,0,0,0,0       0,5,4,3,2,1,0
─────────────────────────────────────────────────────────────────────────────────────────────
distance
from center         distance * 2        distance * 4               distance * 6
3,3,3,3,3,3,3       6,6,6,6,6,6,6       12,12,12,12,12,12,12       18,18,18,18,18,18,18
3,2,2,2,2,2,3       6,4,4,4,4,4,6       12, 8, 8, 8, 8, 8,12       18,12,12,12,12,12,18
3,2,1,1,1,2,3       6,4,2,2,2,4,6       12, 8, 4, 4, 4, 8,12       18,12, 6, 6, 6,12,18
3,2,1,0,1,2,3       6,4,2,0,2,4,6       12, 8, 4, 0, 4, 8,12       18,12, 6, 0, 6,12,18
3,2,1,1,1,2,3       6,4,2,2,2,4,6       12, 8, 4, 4, 4, 8,12       18,12, 6, 6, 6,12,18
3,2,2,2,2,2,3       6,4,4,4,4,4,6       12, 8, 8, 8, 8, 8,12       18,12,12,12,12,12,18
3,3,3,3,3,3,3       6,6,6,6,6,6,6       12,12,12,12,12,12,12       18,18,18,18,18,18,18
─────────────────────────────────────────────────────────────────────────────────────────────
distance * 2        distance * 4              distance * 6
* east filter       * south filter            * west filter              wave
0,0,0,0,0,0,6       0, 0, 0, 0, 0, 0, 0        0, 0, 0, 0, 0, 0, 0        0, 0, 0, 0, 0, 0, 6
0,0,0,0,0,4,6       0, 0, 0, 0, 0, 0, 0       18, 0, 0, 0, 0, 0, 0       18, 0, 0, 0, 0, 4, 6
0,0,0,0,2,4,6       0, 0, 0, 0, 0, 0, 0       18,12, 0, 0, 0, 0, 0       18,12, 0, 0, 2, 4, 6
0,0,0,0,2,4,6   +   0, 0, 0, 0, 0, 0, 0   +   18,12, 6, 0, 0, 0, 0   =   18,12, 6, 0, 2, 4, 6
0,0,0,0,0,4,6       0, 0, 0, 4, 4, 0, 0       18,12, 6, 0, 0, 0, 0       18,12, 6, 4, 4, 4, 6
0,0,0,0,0,0,6       0, 0, 8, 8, 8, 8, 0       18,12, 0, 0, 0, 0, 0       18,12, 8, 8, 8, 8, 6
0,0,0,0,0,0,0       0,12,12,12,12,12,12       18, 0, 0, 0, 0, 0, 0       18,12,12,12,12,12,12
─────────────────────────────────────────────────────────────────────────────────────────────
pyramid                "rings"
0, 0, 0, 0, 0, 0,0     ┌─────────────24┐     the value at a point X in the "pyramid"
0,24,24,24,24,24,0     │ ┌─────────16┐ │
0,24,40,40,40,24,0     │ │ ┌──────8┐ │ │     is equal to the number of points
0,24,40,48,40,24,0     │ │ │   •   │ │ │
0,24,40,40,40,24,0     │ │ └───────┘ │ │     which have higher distance from center than X
0,24,24,24,24,24,0     │ └───────────┘ │
0, 0, 0, 0, 0, 0,0     └───────────────┘     ( 24,      24 + 16,       24 + 16 + 8 )
─────────────────────────────────────────────────────────────────────────────────────────────
pyramid                  wave                       propeller           snail sort
0, 0, 0, 0, 0, 0,0        0, 0, 0, 0, 0, 0, 6       0,1,2,3,4,5,0        0, 1, 2, 3, 4, 5, 6
0,24,24,24,24,24,0       18, 0, 0, 0, 0, 4, 6       5,0,1,2,3,0,1       23,24,25,26,27,28, 7
0,24,40,40,40,24,0       18,12, 0, 0, 2, 4, 6       4,3,0,1,0,1,2       22,39,40,41,42,29, 8
0,24,40,48,40,24,0   +   18,12, 6, 0, 2, 4, 6   +   3,2,1,0,1,2,3   =   21,38,47,48,43,30, 9
0,24,40,40,40,24,0       18,12, 6, 4, 4, 4, 6       2,1,0,1,0,3,4       20,37,46,45,44,31,10
0,24,24,24,24,24,0       18,12, 8, 8, 8, 8, 6       1,0,3,2,1,0,5       19,36,35,34,33,32,11
0, 0, 0, 0, 0, 0,0       18,12,12,12,12,12,12       0,5,4,3,2,1,0       18,17,16,15,14,13,12